0 1010 86.258
0 1314 85.345
0 1 138.033
1 1730 86.149
1 1011 85.611
1 0 138.033
1 2 134.771
2 1 134.771
2 1731 85.991
2 3 271.351
3 1013 86.109
3 10993 199.796
3 2 271.351
4 10993 22.088
4 5 55.925
4 434 93.403
5 6 142.26
5 4 55.925
5 825 85.583
6 1014 85.181
6 5 142.26
7 2302 86.01
8 7 271.702
8 2151 81.618
9 10979 17.096
9 411 86.209
10 9 105.433
10 803 80.922
10 802 86.554
11 10 127.993
11 59 87.48
11 2100 82.185
12 2319 267.007
12 240 249
12 501 153.184
12 13138 29.606
13 14 239.745
13 2318 201.183
14 15 127.585
15 12289 215.274
15 2768 90.62
16 118 80.763
16 1305 80.571
17 1658 80.824
17 16 273.333
18 17 271.734
18 2152 81.107
19 10995 16.91
19 414 80.136
20 19 109.255
20 805 80.699
20 806 80.275
21 20 215.284
21 1660 89.457
21 2099 88.052
22 785 101.45
22 784 127.633
23 10388 263.18
23 2173 96.326
23 1839 171.363
24 25 83.201
24 10388 22.926
24 11086 246.774
25 24 83.201
25 2287 171.551
25 11067 244.925
26 27 311.336
26 1741 76.599
27 959 41.444
27 671 81.12
28 31 27.203
28 3012 150.433
29 28 55.693
30 29 78.949
30 2374 77.972
30 32 23.061
31 271 66.408
31 917 253.813
31 32 129.856
31 28 27.203
32 12097 162.38
33 12567 79.923
34 11006 21.559
34 395 93.688
35 34 156.643
35 11025 79.99
36 12805 78.784
36 11720 80.347
37 36 275.731
37 11871 99.1
37 789 79.614
37 11291 79.185
38 39 274.107
38 851 81.183
38 12812 79.735
39 40 271.015
39 1752 80
40 11005 129.93
40 1625 79.952
41 42 127.523
41 418 79.182
42 43 213.477
42 809 79.781
42 810 78.857
43 1754 90.335
43 1626 90.475
44 10957 30.164
44 9758 109.314
44 1678 174.009
45 9758 25.311
45 2980 305.121
46 1759 86.882
46 47 106.89
47 46 106.89
47 48 118.832
47 359 46.185
48 49 135.9
48 3052 62.526
49 12687 86.853
49 2746 36.487
50 51 72.391
50 12063 56.54
51 52 80.472
52 10111 358.054
53 731 85.681
54 9886 341.476
54 2885 866.951
55 12482 103.25
55 1098 101.191
55 12105 165.23
55 9891 15.532
56 3153 1005.277
57 10111 260.646
58 3146 97.888
59 13040 18.782
59 308 88.02
59 11 87.48
59 802 142.722
60 3018 77.798
60 2820 146.966
61 13274 9.4
61 1282 78.925
62 2880 71.337
63 3033 29.703
63 10086 274.357
64 13040 275.966
64 56 544.473
65 2593 141.016
65 1588 84.377
65 2201 86.007
66 10593 44.359
66 2202 77.963
67 69 68.403
67 68 90.931
68 1188 14.631
68 140 82.495
69 52 76.472
69 10113 195
69 2283 16.05
70 13247 21.108
70 1718 176.224
71 10081 271.057
72 10083 732.391
73 12248 3.421
73 74 116.861
75 2894 114.753
75 62 530.577
76 77 84.966
76 11599 153.064
76 1026 76.82
77 3099 151.164
77 12015 46.136
78 11212 252.512
78 11211 246.573
79 12172 164.867
79 715 273.09
79 1981 83.089
80 3100 135.391
80 12763 80.137
81 150 117.78
82 84 59.344
83 10550 26.681
83 2607 79.95
84 11817 2452.968
85 10151 96.068
85 2606 76.586
86 10107 236.89
86 12286 28.95
87 10561 121.562
87 796 115.656
87 994 88.493
88 10098 36.203
88 10099 139.13
88 2248 79.487
89 2725 131.136
89 90 116.472
90 157 533.307
91 92 122.072
91 12223 101.825
92 1818 241.869
93 13343 21.22
93 11389 48.552
94 1825 274.033
94 266 324.597
94 1304 85.338
95 10514 29.651
95 10515 65.772
96 100 132.781
96 97 133.751
97 105 88.477
97 98 36.784
98 12080 92.954
98 99 25.114
99 11884 102.438
99 12285 158.68
100 1449 130.498
100 1495 73.918
101 850 168.435
101 2308 274.625
101 125 89.324
101 1310 86.046
102 128 148.857
102 10507 146.117
103 102 110.532
104 12420 18.644
104 10508 158.033
105 1267 131.053
105 1485 76.813
105 12080 134.887
106 107 100.572
106 1496 160.985
106 2067 88.095
107 74 12.466
108 70 164.293
109 272 78.256
109 12012 134.546
109 2729 79.591
110 126 15.531
110 111 401.584
111 10460 1189.184
112 549 73.948
112 113 140.081
113 10923 29.968
114 11886 5.467
114 9793 353.956
115 10521 143.549
115 2687 79.809
116 10125 296.627
116 115 59.07
117 1250 86.701
117 2422 118.429
118 16 80.763
118 2303 274.182
118 12811 86.13
119 73 72.661
120 121 951.176
120 111 1660.664
121 12906 29.135
122 605 14.532
123 1844 80.544
124 13040 123.985
125 2309 274.253
125 131 232.098
125 101 89.324
126 112 78.221
127 10574 86.158
127 10577 321.042
127 11284 18.417
128 156 1047.727
129 130 119.765
129 10512 204.131
130 10127 130.803
131 1311 82.752
131 125 232.098
132 1623 485.898
132 12688 297.5
133 12727 120.94
134 10128 30.471
135 892 133.335
135 10137 156.193
136 12816 112.876
136 192 162.044
136 12818 93.49
137 10135 33.213
138 12248 119.495
138 107 66.023
139 138 54.753
139 106 49.852
140 133 108.839
140 12031 28.292
141 11789 12.939
141 10595 256.193
141 2624 76.877
142 12025 23.987
142 11028 357.313
143 10124 633.092
143 147 259.674
143 12209 437.034
144 1168 59.268
144 2380 77.366
144 9903 80.926
145 57 328.925
145 10110 271.203
146 10720 195.578
146 3107 91.605
147 12415 383.479
148 11151 37.293
148 3016 72.797
149 2879 160.788
150 12821 47.106
150 10089 901.905
151 10501 121.709
152 153 111.345
153 152 111.345
153 11034 192.101
153 12025 350.526
154 11989 101.651
154 12032 71.62
155 95 85.111
156 155 109.364
156 130 461.017
157 10108 110.235
157 1129 668.457
158 6722 163.637
158 2204 51.043
158 309 39.804
159 12131 135.651
159 2877 172.662
160 159 169.678
161 2712 160.875
162 10416 18.308
162 469 79.866
162 163 132.421
163 470 88.696
163 162 132.421
163 164 80.822
164 2104 225.223
164 163 80.822
164 165 82.346
165 472 123.391
165 164 82.346
165 166 78.513
166 2106 173.279
166 165 78.513
166 167 82.603
167 166 82.603
167 168 118.241
167 474 157.555
168 11565 105.31
168 167 118.241
168 475 184.131
168 169 227.693
169 168 227.693
169 170 77.548
169 477 233.729
170 169 77.548
170 171 77.396
171 170 77.396
171 172 78.382
172 1287 127.82
172 173 77.407
172 171 78.382
173 481 171.359
173 172 77.407
173 174 79.221
174 541 202.359
174 173 79.221
174 175 77.918
175 483 149.259
175 174 77.918
175 176 56.432
176 177 79.264
176 175 56.432
177 485 134.432
177 176 79.264
177 178 73.289
178 6763 97.759
178 3156 79.305
178 177 73.289
179 6766 77.758
179 180 108.22
179 313 196.401
180 787 82.684
180 181 141.077
180 179 108.22
180 2369 85.516
181 182 142.92
181 180 141.077
182 3020 81.211
182 183 197.87
182 181 142.92
183 11169 76.597
183 182 197.87
183 184 248.614
184 1483 308.769
184 11020 268.892
184 320 86.893
184 183 248.614
185 186 214.634
186 3168 35.362
186 3134 75.977
187 188 95.027
187 2383 39.596
188 189 58.203
188 3053 37.384
188 2018 77.853
189 2935 33.742
189 190 90.418
190 2020 65.984
190 2376 30.226
191 12221 58.327
191 13149 9.14
192 193 75.15
192 2470 88.89
192 136 162.044
193 2471 86.939
193 194 149.974
194 195 89.296
194 2473 75.213
195 196 51.67
195 2695 76.727
196 197 85.395
196 12570 66.981
196 2062 74.906
197 198 31.416
198 199 116.2
198 1913 59.885
199 1863 42.411
199 200 135.463
200 641 71.921
200 953 52.119
201 13353 7.222
201 202 111.464
201 2026 222.814
202 203 64.718
203 204 59.346
203 1348 72.322
204 600 80.252
204 12860 30.033
205 1627 79.392
205 206 136.634
206 12870 135.31
206 207 141.333
207 11262 14.166
207 2828 231.638
208 324 116.167
208 3031 74.049
209 208 309.291
209 679 74.531
210 209 273.814
210 1937 74.431
211 210 274.183
211 12608 74.161
212 211 277.697
212 2415 74.051
213 214 224.077
213 212 269.908
213 2343 73.783
214 2344 79.56
215 13231 8.914
215 216 74.973
216 9797 59.237
216 2047 76.044
216 12093 64.176
216 13231 74.837
217 328 309.34
217 682 78.338
218 217 273.893
218 1727 83.593
219 218 273.776
219 1363 78.583
220 13212 10.15
220 1728 82.653
221 3000 78.497
221 220 270.126
222 9751 17.933
222 2455 170.497
222 9749 163.146
223 2413 77.69
223 6718 145.597
224 11106 21.836
224 223 132.355
224 11110 89.292
225 1573 87.71
226 225 79.081
227 226 79.261
227 2749 168.749
228 227 79.149
228 2750 203.239
229 228 452.936
229 1823 108.089
230 229 494.788
230 1163 132.386
230 1823 396.92
230 2710 78.53
231 2914 84.432
231 12859 38.657
232 231 77.979
232 12846 149.972
232 921 260.209
232 1718 121.459
233 10082 204.552
233 12846 77.184
234 1021 86.317
234 2550 155.853
235 234 62.767
236 1121 80.059
236 1739 79.331
237 236 134.244
237 11168 80.341
237 1089 53.673
238 237 97.32
238 1089 113.154
238 1740 83.968
239 240 84.298
239 500 51.422
239 499 134.519
240 239 84.298
240 3027 159.621
241 242 170.269
241 1798 79.13
242 243 140.679
242 331 85.33
243 686 77.845
243 244 275.481
244 245 270.43
244 1799 79.709
245 13152 278.75
245 12183 78.073
246 1709 79.092
246 247 274.63
247 735 78.162
247 248 264.898
248 12300 19.144
248 1710 83.059
249 11223 192.345
249 12868 85.367
249 2488 78.432
250 11171 7.999
250 251 30.322
250 501 176.286
251 11182 23.33
252 11182 77.385
252 253 78.327
253 832 243.482
253 254 78.926
253 252 78.327
254 504 228.416
254 255 85.228
254 253 78.926
255 1016 121.149
255 1017 119.906
255 256 210.097
255 254 85.228
256 1734 119.605
256 2497 121.867
256 257 176.294
256 255 210.097
257 1735 119.138
257 256 176.294
257 258 176.672
257 2616 122.114
258 259 131.061
258 844 118.85
258 845 122.114
258 257 176.672
259 3087 90.445
259 260 129.415
259 1736 118.762
259 258 131.061
260 2524 27.281
260 3087 156.828
260 259 129.415
261 262 78.598
261 1922 88.29
262 261 78.598
262 12125 49.231
262 263 79.327
263 264 80.699
263 262 79.327
264 1055 83.188
264 265 151.703
264 263 80.699
265 12209 12.056
265 1923 52.391
265 264 151.703
266 2024 974.437
266 1140 85.709
266 2291 274.223
266 94 324.597
267 11111 18.594
267 517 167.531
268 1723 234.836
268 11104 75.553
269 268 106.743
269 1722 99.025
270 269 87.905
271 31 66.408
271 1692 80.52
271 916 220.328
272 109 78.256
272 1531 217.176
272 273 79.292
273 272 79.292
273 274 81.139
273 2882 70.685
274 631 214.653
274 12296 54.182
274 273 81.139
274 275 78.104
275 276 79.91
275 274 78.104
276 275 79.91
276 277 79.705
277 2692 215.37
277 276 79.705
277 278 79.007
278 1686 214.343
278 277 79.007
278 279 79.56
279 11158 132.267
279 278 79.56
279 280 79.039
280 3086 215.522
280 279 79.039
280 281 79.308
281 13246 62.989
281 280 79.308
281 282 81.148
282 2448 215.974
282 12131 68.155
282 283 85.992
282 281 81.148
283 10718 181.739
283 1524 216.717
283 282 85.992
283 284 86.653
284 10719 178.943
284 1817 216.804
284 285 80.064
284 283 86.653
285 10103 216.823
285 286 81.01
285 284 80.064
286 10506 225.924
286 649 216.251
286 287 81.148
286 285 81.01
287 12639 218.558
287 288 80.799
287 286 81.148
288 12223 222.865
288 2604 214.976
288 289 80.126
288 287 80.799
289 288 80.126
289 290 86.85
290 291 86.385
290 289 86.85
290 3101 216.01
290 2896 227.999
291 1795 226.897
291 292 80.437
291 290 86.385
292 2946 216.872
292 293 80.58
292 291 80.437
293 1888 226.9
293 294 80.3
293 292 80.58
294 2723 216.936
294 295 81.176
294 293 80.3
295 1346 226.683
295 296 80.119
295 294 81.176
296 3102 216.96
296 297 87.29
296 295 80.119
297 296 87.29
297 298 85.101
297 525 225.911
297 524 217.186
298 3025 216.767
298 297 85.101
298 299 79.563
299 2521 223.911
299 298 79.563
299 300 81.927
300 1538 216.006
300 299 81.927
300 301 77.937
301 300 77.937
301 302 83.927
301 1539 296.14
302 3103 215.839
302 301 83.927
302 12671 68.485
303 12011 27.585
303 1126 34.038
304 1825 77.305
305 304 271.694
305 2150 87.104
306 11010 18.204
306 410 80.197
307 306 105.01
307 801 78.876
307 802 87.289
308 307 157.107
308 59 88.02
308 1827 80.129
309 158 39.804
309 2203 79.302
310 309 140.988
310 2366 88.665
310 3061 79.116
311 310 133.957
311 1078 79.487
311 1079 88.306
312 311 118.612
312 2811 79.46
312 2367 88.185
313 312 89.472
313 490 91.076
313 489 85.627
314 2369 116.334
314 179 85.425
315 314 84.175
316 6768 55.547
316 6764 92.939
317 13160 85.013
317 2369 85.818
317 315 112.605
317 318 398.998
318 10598 103.08
319 320 224.235
319 318 254.57
320 13183 327.719
320 184 86.893
321 1871 183.79
322 321 77.263
322 12232 145.509
323 3031 138.397
323 322 78.167
324 323 77.801
324 12233 190.487
325 2341 92.983
325 324 78.373
326 325 86.754
326 12243 245.001
327 1726 43.857
327 326 87.569
327 2530 110.94
328 1726 84.962
329 682 261.156
330 684 200.682
331 330 84.465
331 1798 139.918
332 1707 200.492
332 242 83.954
333 687 79.595
333 332 84.195
334 1963 223.091
335 334 85.596
335 692 81.77
336 1965 165.038
336 335 83.296
337 694 132.932
337 336 79.329
338 337 85.259
338 1966 120.655
339 696 178.749
340 1968 74.36
340 339 82.15
341 340 87.6
341 1672 50.291
341 698 222.635
342 1970 79.937
342 1005 274.598
343 1377 224.582
344 1973 62.301
344 343 80.512
345 997 197.24
345 344 85.059
346 1974 81.626
346 345 80.194
347 1380 189.839
347 346 79.028
348 1976 88.387
348 347 80.612
349 1382 177.308
349 348 77.681
350 349 81.887
350 1978 104.86
351 350 83.797
351 1384 150.648
352 351 78.166
352 873 144.921
353 1980 178.807
353 352 93.368
353 1385 94.558
354 353 93.598
354 1981 213.021
355 1477 97.278
355 13305 13.255
356 355 202.97
357 356 111.224
358 357 35.823
359 1245 105.859
359 358 32.628
360 1759 117.119
360 47 86.322
361 2013 132.578
361 360 68.214
362 3013 128.349
362 361 14.417
363 362 61.073
363 13125 132.186
364 13093 41.758
364 11095 140.924
364 363 66.263
365 2456 163.815
365 9796 66.531
366 365 73.169
366 727 139.87
367 607 116.952
367 366 69.248
368 367 70.501
368 2470 148.652
368 2940 170.002
369 2472 146.326
369 12571 76.531
370 3010 176.746
370 369 77.032
371 2474 151.771
371 370 80.046
372 371 68.025
373 2063 82.336
373 12570 156.872
373 372 33.403
374 373 70.373
374 1915 80.673
375 374 120.868
375 2908 81.186
376 951 80.506
376 375 123.808
377 2134 80.693
377 376 162.774
378 377 160.353
378 2800 80.583
379 11258 15.427
379 2740 83.619
380 2478 115.282
380 11135 90.256
381 2041 82.289
381 380 81.295
382 2479 111.158
382 381 77.429
383 2802 80.579
383 382 78.758
384 383 75.603
385 1869 122.196
385 384 65.858
386 2480 124.229
386 385 68.943
387 2780 228.959
387 386 74.558
388 778 106.883
388 387 75.134
389 3059 195.914
389 388 79.783
390 2609 104.797
390 389 86.332
391 1606 125.504
391 390 86.44
392 2053 80.978
392 391 92.152
392 1810 95.342
393 915 136.843
393 2390 52.916
394 393 104.888
395 11025 204.734
395 11226 72.633
396 11024 111.876
396 34 91.077
397 396 90.683
397 2294 67.699
398 2294 118.548
398 397 136.667
399 398 47.8
399 12663 19.827
400 399 93.141
400 1891 199.907
401 632 158.396
401 400 88.845
402 11007 18.574
402 401 89.772
403 402 89.149
403 11159 77.591
404 10986 20.851
404 403 90.54
405 796 234.153
405 10972 94.125
405 12674 42.576
406 797 207.605
406 405 90.603
407 10976 20.195
407 406 85.065
408 799 158.202
408 407 82.383
409 10982 18.734
409 408 85.32
410 801 116.675
410 409 84.071
411 10973 17.446
411 802 104.795
411 306 87.028
412 803 105.407
412 9 81.377
413 11014 18.051
413 412 80.8
414 413 79.815
414 805 107.574
415 19 81.177
415 806 114.874
416 10987 16.849
416 807 120.852
416 415 87.444
417 416 85.675
417 808 126.85
418 11012 16.774
418 417 80.092
419 10994 18.028
419 41 79.438
420 419 81.333
420 811 127.905
421 11003 18.045
421 420 78.783
422 421 79.647
422 813 127.293
423 11016 19.236
423 422 79.792
424 423 79.418
424 10984 23.079
425 816 126.311
425 424 86.964
425 11011 22.573
426 817 126.242
426 425 85.212
427 11000 18.258
427 426 79.465
428 819 127.398
428 427 80.171
429 10985 19.064
429 428 79.898
430 821 127.659
430 429 79.775
431 11009 19.745
431 430 79.164
432 823 126.733
432 431 80.452
433 10975 19.567
433 432 79.962
434 825 92.328
434 433 84.23
435 826 20.076
435 4 95.257
436 10572 79.279
436 2118 135.739
437 11908 18.944
437 2119 116.774
437 436 77.572
438 13019 135.845
438 437 82.826
439 10384 17.968
439 438 79.494
440 835 167.316
440 439 79.661
441 10386 17.707
441 440 80.302
442 12307 191.277
442 441 80.456
443 11087 85.188
444 12586 22.416
444 2287 84.7
444 24 169.411
445 10389 26.71
445 12986 162.289
445 444 81.477
446 11575 19.839
446 1767 267.409
446 12993 78.55
447 10391 19.957
447 549 268.054
447 446 79.766
448 10392 20.81
448 12990 165.743
448 12910 223.999
449 2121 180.118
449 10394 78.307
450 11391 492.433
450 449 80.52
451 2122 193.688
451 450 78.778
452 10398 18.629
452 451 79.393
453 2123 185.272
453 452 79.231
454 10400 18.918
454 453 80.138
455 2124 145.166
455 454 78.565
456 10402 18.071
456 455 78.366
457 10403 19.594
457 1217 135.977
457 456 86.745
458 10404 19.91
458 457 84.543
459 2127 119.427
459 458 79.531
460 10406 18.747
460 459 79.223
461 1228 133.007
461 460 79.842
462 10408 17.824
462 461 78.627
463 2108 160.986
463 462 78.279
464 10410 20.144
464 463 80.152
465 464 79.793
465 2110 272.554
466 10412 18.418
466 465 163.925
467 10413 18.234
467 466 85.773
468 2915 39.542
468 10581 53.55
469 10415 18.121
469 468 79.441
469 11566 86.071
470 10417 18.311
470 162 79.182
471 164 106.255
471 470 78.851
472 10419 18.302
472 471 80.293
473 166 140.606
473 472 75.417
474 10421 18.307
474 473 82.31
475 168 184.131
475 10422 18.306
475 474 95.72
476 10423 18.307
476 475 87.288
477 10424 17.439
477 13103 69.697
477 169 233.729
478 11561 11.365
478 11574 17.48
479 11562 40.871
479 171 229.269
479 480 86.55
480 172 189.464
480 481 80.965
480 479 86.55
481 1072 100.51
481 482 84.106
481 480 80.965
482 174 159.138
482 483 84.138
482 481 84.106
483 2808 38.164
483 484 89.627
483 482 84.138
484 485 82.688
484 483 89.627
484 176 140.059
485 1590 86.73
485 486 69.184
485 484 82.688
486 178 129.163
486 487 18.767
486 485 69.184
487 488 80.744
487 486 18.767
488 2810 121.956
488 489 80.599
488 487 80.744
489 313 85.627
489 6766 164.757
489 488 80.599
490 313 91.076
490 491 70.994
490 2367 73.854
490 2368 84.47
491 492 78.855
491 490 70.994
492 1765 94.724
492 493 74.034
492 491 78.855
493 3026 85.011
493 2813 105.485
493 494 80.086
493 492 74.034
494 2814 116.391
494 495 56.037
494 493 80.086
495 2512 84.929
495 496 114.124
495 494 56.037
496 1482 86.886
496 497 135.039
496 495 114.124
497 2868 84.927
497 498 138.053
497 496 135.039
498 3027 83.415
498 499 26.086
498 497 138.053
499 2993 106.978
499 239 134.519
499 498 26.086
500 13138 95.214
500 239 51.422
501 2320 180.485
501 250 176.286
501 12 153.184
502 833 160.667
502 503 169.657
502 11181 91.92
503 833 130.555
503 504 81.518
503 502 169.657
504 10597 33.574
504 503 81.518
505 1017 122
505 2083 97.948
505 506 129.885
505 10597 52.568
506 1990 141.231
506 505 129.885
506 507 80.693
507 1734 119.22
507 506 80.693
507 508 176.379
507 2498 98.417
508 1735 117.545
508 507 176.379
508 509 176.746
508 2977 99.064
509 844 117.052
509 843 98.618
509 510 131.2
509 508 176.746
510 2978 108.988
510 12322 22.925
510 1736 104.245
510 509 131.2
511 2804 190.884
511 512 92.843
511 12322 85.6
512 513 86.433
512 511 92.843
513 624 101.754
513 514 96.467
513 512 86.433
514 3042 66.147
514 515 85.924
514 513 96.467
515 11109 54.246
515 2587 42.403
515 514 85.924
516 224 81.483
517 11105 11.51
518 2789 86.683
518 519 155.161
519 518 155.161
519 10690 144.946
519 2563 85.663
520 10690 17.31
520 3024 85.677
520 521 147.66
521 522 154.927
521 520 147.66
521 2669 87.312
522 523 215.616
522 521 154.927
522 2853 85.058
523 522 215.616
523 524 228.246
523 2259 87.48
524 3025 84.498
524 523 228.246
524 297 217.186
525 297 225.911
525 2899 85.68
525 2898 87.606
526 187 49.665
527 12687 87.269
527 526 103.852
528 529 310.553
528 1852 81.265
529 530 273.112
529 674 87.862
530 531 211.924
530 1853 80.7
531 966 77.073
531 965 74.912
532 966 37.844
533 12675 68.153
533 1516 129.925
534 1516 69.152
534 533 139.035
535 3028 88.801
535 828 81.753
535 536 116.835
536 829 84.398
537 538 139.25
537 2201 80.47
537 2200 79.751
538 539 134.057
538 3043 82.601
538 3068 80.678
539 540 116.679
539 1073 82.683
539 1072 80.776
540 482 12.31
540 2808 82.382
541 2822 104.911
542 543 28.233
542 11035 52.983
543 11646 54.473
544 1156 81.377
544 1157 142.302
545 2583 155.692
545 1768 82.023
546 545 302.279
546 1181 77.938
547 11336 15.288
547 1770 80.29
548 547 266.128
548 1183 79.663
548 1402 81.694
549 447 268.054
549 112 73.948
549 1180 80.124
549 1767 77.406
550 2350 157.054
550 1290 78.369
551 2113 81.144
551 820 173.343
552 2805 72.99
552 553 125.665
553 634 69.445
553 554 117.792
554 555 161.672
554 635 69.767
555 9759 28.598
555 554 161.672
555 2807 135.586
556 11925 80.995
556 2634 60.514
556 557 32.773
557 556 32.773
557 2631 23.373
557 558 104.53
558 2453 164.939
558 2634 172.526
558 557 104.53
559 2889 17.601
559 12855 126.653
560 11806 69.585
560 561 141.075
561 562 109.186
561 1748 69.475
561 2890 79.208
562 944 69.62
562 10307 99.796
563 564 143.758
563 594 77.552
564 565 137.611
564 1637 77.246
565 924 69.47
565 11246 141.298
566 322 160.907
566 1871 75.126
567 566 309.394
567 678 73.961
568 567 274.039
568 1872 74.349
569 568 273.564
569 1361 74.694
570 13211 9.79
570 1873 74.797
571 570 269.704
571 3032 74.252
572 573 154.015
572 3084 79.139
573 10666 146.278
573 2444 80.282
574 575 147.409
574 2445 81.192
575 576 153.601
575 2664 79.195
576 577 215.313
576 2447 80.967
577 578 231.141
577 2252 79.29
578 281 215.343
578 2448 81.404
579 667 19.548
580 579 167.825
580 903 26.017
581 582 173.699
581 2412 120.291
581 2413 82.764
582 11108 13.078
582 581 173.699
582 516 85.49
583 584 117.522
583 1237 85.027
583 11108 90.042
584 583 117.522
584 585 86.689
585 3040 162.741
585 586 122.554
585 584 86.689
586 1029 120.182
586 585 122.554
587 2441 79.717
587 11297 150.385
588 1034 93.679
588 12112 204.392
588 1033 93.723
589 588 61.963
589 1394 80.013
589 1395 79.575
590 589 140.041
590 2442 79.934
590 2706 79.569
591 590 133.763
591 1995 79.378
591 1994 79.695
592 11198 9.949
592 638 80.643
592 11199 47.305
593 10317 16.674
593 935 100.32
593 10308 69.467
594 1637 144.262
594 10317 70.507
595 10315 16.888
595 10310 43.142
596 10315 43.474
596 1634 143.769
597 596 68.231
597 10309 17.284
598 597 74.069
598 10311 17.397
598 1632 143.81
599 1631 143.813
599 598 71.696
600 1347 57.58
600 12376 75.015
601 12162 37.052
601 1348 64.283
602 601 77.247
603 602 78.544
603 1350 64.363
603 1640 131.691
604 603 149.563
605 1352 64.766
605 604 77.035
606 1880 93.834
606 1998 45.628
606 1997 40.106
607 608 50.951
608 609 125.449
608 2940 70.727
609 610 102.611
609 729 67.285
610 1489 37.785
611 357 114.176
611 1244 55.604
612 1247 52.216
612 611 131.752
613 612 163.354
613 2382 70.808
614 613 75.908
614 3053 85.843
614 3012 73.194
615 616 154.278
615 12836 22.446
616 2532 78.73
616 12237 151.199
617 3039 78.616
617 618 150.433
618 619 154.755
618 11360 78.623
619 2832 78.389
619 620 214.489
620 621 128.951
620 2226 77.829
621 622 100.506
621 620 128.951
622 2592 157.401
622 621 100.506
623 3154 183.47
623 3040 81.563
624 1889 80.722
624 3042 84.688
625 3124 79.418
626 625 154.594
626 886 79.718
627 10665 17.482
627 887 79.697
628 627 147.373
628 2661 79.579
629 628 154.999
629 889 79.444
630 629 215.948
630 2249 78.934
631 891 78.264
631 12763 138.817
632 2145 79.706
633 11641 156.36
633 552 70.39
634 633 128.077
634 3034 68.865
635 634 94.565
635 9794 76.934
636 637 25.445
637 636 25.445
637 177 79.212
638 639 72.309
638 592 80.643
638 2132 79.181
639 640 76.033
639 638 72.309
639 956 82.906
640 641 75.918
640 639 76.033
640 12371 90.432
641 640 75.918
641 642 35.739
641 2133 99.366
642 641 35.739
642 953 67.242
643 1906 80.193
644 643 153.822
644 2557 81.046
645 10672 17.565
645 3048 80.799
646 645 147.354
646 1909 80.991
647 646 155.036
647 2849 80.596
648 647 215.898
648 1911 81.822
649 648 228.088
649 3049 79.231
650 10533 72.737
650 660 44.2
651 119 101.908
652 12088 9.075
652 653 82.053
653 654 93.143
653 3009 94.727
654 2694 80.812
654 655 86.986
655 656 43.009
655 2065 95.449
655 2693 128.613
656 1808 50.723
656 12089 76.899
657 12396 89.638
658 946 58.795
658 73 113.575
658 659 63.476
659 651 17.328
659 660 155.898
660 661 85.787
660 1901 63.343
661 2486 163.765
661 662 82.307
662 663 82.218
662 1878 178.338
663 12369 8.261
664 1592 124.403
664 866 135.628
664 11141 107.612
664 665 96.82
665 666 61.937
666 667 81.271
667 11144 135.549
667 668 77.325
668 11145 140.908
668 669 77.892
669 1112 64.472
669 670 93.589
670 959 46.586
670 1742 154.787
670 27 60.936
671 672 77.009
671 776 308.551
672 774 274.019
672 673 81.497
673 529 80.806
673 1852 308.953
674 675 86.971
674 2052 309.337
674 1934 273.846
675 676 81.35
675 1935 274.484
676 677 74.473
676 2792 310.328
677 567 74.668
677 1872 273.928
678 1937 274.032
678 209 74.631
679 1938 273.623
679 680 78.157
680 681 86.054
680 1218 309.019
681 217 83.588
681 1726 309.193
681 1727 273.814
682 1939 273.638
682 683 79.03
683 684 77.961
683 615 310.47
684 1257 274.148
684 685 78.385
685 243 79.464
685 331 170.439
686 332 110.237
686 687 78.978
687 688 78.426
687 1332 274.898
688 689 78.444
688 12684 47.922
689 690 86.11
689 12187 276.75
690 1702 308.074
690 1703 276.798
690 691 82.607
691 692 80.262
691 334 51.407
692 2947 309.579
692 693 76.885
693 336 108.921
693 694 78.464
694 695 79.876
694 1150 310.439
695 338 153.426
695 696 77.922
696 2605 309.922
696 697 78.274
697 340 200.157
697 698 84.197
698 699 85.722
698 341 222.635
698 1671 312.018
699 700 79.573
699 1969 273.144
700 2325 310.761
700 701 79.751
701 702 78.908
701 342 272.138
702 1170 310.957
702 703 79.519
703 1972 272.918
703 704 79.785
704 2321 311.381
704 705 79.922
705 706 80.868
705 996 272.077
706 2000 310.288
706 707 77.921
707 708 80.202
707 1975 273.204
708 709 78.363
708 2595 310.602
709 1977 272.959
709 710 79.401
710 2872 310.664
710 711 81.574
711 1979 272.759
711 712 77.413
712 713 85.891
712 872 310.558
713 1980 273.721
713 714 86.183
713 1021 310.174
714 235 247.377
714 715 84.757
715 12168 250.979
715 79 273.09
716 2742 190.755
717 1272 79.861
717 123 154.271
718 1268 79.576
718 10697 25.399
719 718 142.729
719 1842 79.777
720 721 214.496
720 719 155.435
720 1270 80.828
721 1846 77.932
721 722 229.982
722 12583 248.154
722 1273 80.147
723 724 45.932
723 12600 62.929
724 725 88.182
724 730 98.351
725 610 35.134
726 12221 35.561
726 727 69.856
726 13149 57.017
727 726 69.856
727 366 139.87
728 12284 50.269
728 608 68.126
729 728 125.457
729 2457 75.255
730 725 39.93
730 729 72.314
731 9749 80.418
731 9750 95.14
731 1729 273.079
732 12582 9.391
733 2454 273.923
733 732 77.938
734 1260 228.911
734 733 77.728
735 1801 274.116
735 734 79.624
736 247 79.804
736 1709 273.996
737 736 234.467
738 11812 140.288
738 737 84.467
738 1706 272.217
738 739 84.575
739 740 77.774
739 738 84.575
740 11815 106.645
740 739 77.774
740 741 78.575
741 740 78.575
741 742 79.087
742 10546 78.257
742 1154 271.61
742 741 79.087
743 13143 14.131
743 10546 78.884
743 2770 267.119
744 743 78.983
744 2987 268.109
745 13141 10.304
745 6812 258.156
745 744 86.446
746 12826 7.316
746 6808 238.833
747 2327 271.701
747 746 79.353
748 6809 200.198
748 747 79.334
749 748 79.474
749 3090 272.165
750 6810 198.476
750 749 79.442
751 2323 271.981
751 750 79.659
752 6811 198.438
752 751 80.011
753 2002 272.036
753 752 79.872
754 753 78.639
754 6805 198.966
755 754 80.73
755 2596 272.598
756 755 78.764
757 2873 271.976
757 756 78.544
758 757 81.888
758 9778 194.033
759 876 272.84
759 758 77.856
760 12841 209.093
760 761 84.772
760 3080 273.263
760 759 86.477
761 2871 265.055
761 2870 275.146
761 762 79.813
761 760 84.772
762 11291 79.57
762 761 79.813
762 12263 127.211
763 867 112.623
763 13115 18.221
764 1503 186.206
764 868 35.338
764 763 104.17
765 869 34.531
765 764 48.246
766 904 99.826
766 765 49.671
767 848 104.224
767 766 92.522
768 12602 87.168
769 768 46.371
769 907 123.567
769 1167 32.419
770 1106 86.215
770 12164 73.609
771 2929 102.025
771 770 89.783
772 1107 45.867
772 771 55.432
773 962 70.916
773 772 31.523
774 13357 16.541
774 963 70.075
774 962 81.512
775 3134 37.165
775 2005 46.577
776 777 163.231
776 26 74.706
777 388 226.52
777 3059 76.015
778 779 125.685
778 2958 77.047
779 12058 148.943
779 2829 76.442
779 2774 74.479
780 781 228.557
780 2220 74.779
781 782 213.486
781 3055 75.432
782 783 223.964
782 2776 74.42
782 3056 76.246
783 784 227.645
783 782 223.964
783 3057 76.4
783 2777 74.338
784 783 227.645
784 22 127.633
784 3058 75.056
784 2778 75.611
785 2779 75.5
785 9799 63.775
785 22 101.45
785 2615 156.38
786 2409 307.286
786 9798 59.897
787 181 227.139
787 180 82.684
787 2368 63.135
788 62 161.204
788 2943 295.578
789 3022 64.852
789 790 79.901
789 37 79.614
790 10566 99.159
790 3131 111.024
790 791 79.194
790 789 79.901
791 2143 275.413
791 10565 98.886
791 790 79.194
791 792 80.02
792 793 82.541
792 791 80.02
792 2144 275.959
793 1819 111.263
793 794 311.888
793 792 82.541
794 2146 275.976
794 1821 160.714
794 795 82.274
794 793 311.888
795 10563 175.176
795 794 82.274
795 796 86.998
796 405 234.153
796 797 86.605
796 87 115.656
796 795 86.998
797 994 133.36
797 796 86.605
797 798 80.469
798 407 182.071
798 797 80.469
798 799 81.006
799 2103 165.646
799 798 81.006
799 800 80.544
800 409 136.859
800 799 80.544
800 801 81.993
801 1827 170.495
801 307 78.876
801 800 81.993
802 59 142.722
802 411 104.795
802 10 86.554
802 307 87.289
803 2100 118.864
803 10 80.922
803 804 80.306
804 413 107.066
804 803 80.306
804 805 80.246
805 1660 178.132
805 20 80.699
805 804 80.246
806 20 80.275
806 2099 240.084
806 807 87.451
807 416 120.852
807 808 85.42
807 2098 240.931
807 806 87.451
808 809 80.114
808 807 85.42
808 1195 240.738
809 418 127.48
809 808 80.114
809 42 79.781
810 419 127.648
810 42 78.857
810 811 81.343
811 812 78.206
811 810 81.343
811 2097 149.254
812 811 78.206
812 813 79.963
812 421 128.663
813 812 79.963
813 814 79.595
813 2095 160.688
814 423 127.665
814 813 79.595
814 815 80.39
815 816 84.886
815 424 126.236
815 814 80.39
816 10448 194.462
816 817 86.652
816 425 126.311
816 815 84.886
817 10576 134.407
817 816 86.652
817 818 78.986
818 427 127.952
818 817 78.986
818 819 80.39
819 2112 159.564
819 818 80.39
819 820 80.335
820 429 128.041
820 819 80.335
820 821 79.391
821 2113 158.99
821 820 79.391
821 822 79.885
822 431 127.681
822 821 79.885
822 823 79.394
823 2115 143.442
823 824 80.149
823 822 79.394
824 433 115.978
824 825 80.091
824 823 80.149
825 1733 143.457
825 824 80.091
825 5 85.583
826 5 86.638
826 1014 138.686
827 12220 80.477
828 3073 101.921
828 827 150.377
828 535 81.753
829 828 96.922
829 10545 164.049
830 381 111.371
830 2479 75.503
831 1701 86.696
831 830 178.81
832 2925 77.809
832 2768 74.894
833 253 84.98
834 12662 206.849
834 1319 83.052
834 1318 251.974
835 12309 22.343
835 12306 85.229
836 11764 13.399
836 2967 79.599
837 11341 129.037
837 1093 93.594
837 1092 92.08
838 839 265.625
838 1650 80.028
839 1389 80.415
839 840 140.369
839 1390 79.501
840 1651 79.835
840 2703 79.974
841 842 38.181
842 841 38.181
842 3002 119.966
842 843 79.816
842 3154 133.151
843 842 79.816
843 509 98.618
843 2978 129.647
844 1735 176.417
844 1736 130.736
844 258 118.85
844 509 117.052
845 2616 176.673
845 258 122.114
845 2617 77.662
845 846 52.601
846 13199 16.162
846 13199 16.162
846 2617 74.207
846 847 180.575
846 845 52.601
847 2038 85.708
847 11990 81.081
847 846 180.575
847 4826 348.121
848 849 110.869
848 870 35.417
849 1505 49.748
850 125 142.596
850 2288 548.798
851 1306 79.396
851 38 81.183
852 12239 10.985
852 1621 81.154
853 1230 80.831
853 1229 87.521
853 852 152.041
854 2830 81.318
854 2054 86.83
854 853 154.115
855 854 138.843
856 2055 86.413
856 855 77.304
857 856 76.593
858 857 152.943
858 1876 80.592
859 10503 318.803
859 1721 80.213
859 2057 86.491
860 675 310.007
860 2052 87.421
861 532 48.245
861 531 84.899
862 533 73.601
863 862 139.034
863 1515 69.937
864 863 80.023
864 1471 70.965
865 864 138.426
865 3051 68.164
866 1615 147.892
866 867 63.055
867 902 135.476
867 763 112.623
867 868 71.132
868 903 135.805
868 765 33.011
869 766 36.394
869 848 65.687
870 849 80.912
870 871 74.359
871 906 135.913
871 10073 83.306
872 2332 155.234
872 2078 78.359
873 1979 76.929
873 712 273.219
874 1385 87.077
874 352 128.953
875 2079 78.175
875 874 274.046
876 875 273.898
876 3080 85.275
877 2331 67.89
877 9796 146.181
877 12295 70.796
878 2456 65.563
878 879 125.331
878 9796 162.696
879 880 167.712
879 2806 74.345
879 878 125.331
880 879 167.712
880 881 180.055
880 12598 79.536
881 9761 26.558
881 2982 215.747
881 880 180.055
882 883 26.401
882 9761 77.953
883 882 26.401
883 2632 80.268
883 2453 171.968
884 1226 125.474
884 1053 81.932
884 1054 80.155
885 886 154.329
885 625 79.8
886 10661 145.464
886 2554 81.105
887 888 147.853
887 3082 80.282
888 889 154.657
888 628 79.454
889 890 215.742
889 2847 79.528
890 891 228.164
890 630 79.317
891 275 215.986
891 3083 79.933
892 1020 82.482
892 12210 144.294
893 894 154.31
893 1680 79.493
894 2556 79.249
894 10667 146.033
895 896 147.679
895 3085 79.314
896 897 154.676
896 1683 79.193
897 898 216.239
897 2848 79.378
898 899 229.937
898 1685 80.079
899 279 214.189
899 3086 79.501
900 901 275.43
900 2487 72.761
901 270 124.424
901 1857 108.49
902 867 135.476
902 665 69.739
902 664 70.185
903 902 71.107
904 580 40.133
905 2639 151.061
905 904 33.774
906 768 86.508
906 12603 81.644
907 12292 10.46
907 906 57.613
908 3142 136.732
908 12291 24.688
909 1509 121.556
909 908 73.033
910 3138 136.489
910 909 73.428
911 1511 69.087
911 910 76.141
912 11130 68.015
913 1692 133.341
913 394 152.124
914 913 86.482
914 1692 177.128
915 914 21.199
915 13339 49.521
916 917 57.05
916 2381 92.813
916 13339 11.81
917 1168 67.08
917 918 134.435
917 31 253.813
917 916 57.05
918 917 134.435
918 10079 70.585
919 12109 68.492
919 1422 74.12
920 919 85.773
920 1641 71.248
920 1712 77.069
921 232 260.209
921 1717 99.583
922 1262 25.935
922 921 210.655
923 565 77.509
923 11249 140.39
924 1636 137.14
925 12851 141.85
925 926 45.803
926 927 68.202
926 11257 140.715
927 1633 137.991
927 928 74.072
928 13158 140.637
928 1632 138.073
928 929 71.784
929 11264 140.281
929 930 76.289
930 1630 138.146
930 931 76.847
931 11261 140.393
931 11988 74.948
932 1627 137.285
932 206 77.815
933 11202 10.387
933 1698 52.9
934 11247 141.148
934 1638 137.906
935 958 97.609
935 593 100.32
935 2910 108.55
936 202 80.826
937 936 150.561
937 938 76.887
937 12845 74.573
938 939 76.061
938 2715 113.843
939 10312 98.348
940 939 71.927
940 2912 111.844
940 10311 99.264
941 2051 109.129
941 940 73.233
942 941 68.47
942 10310 99.505
943 942 43.342
943 595 99.947
944 1748 109.159
945 562 78.417
945 10308 99.691
946 1901 157.717
946 659 21.029
947 1582 30.68
947 946 75.245
948 1582 73.799
948 2137 162.631
948 2906 123.776
948 947 69.139
949 1145 123.552
949 948 79.914
950 2136 163.751
950 949 77.144
951 2799 123.063
951 950 75.312
952 2134 164.883
952 376 80.642
953 952 80.848
953 2475 133.028
954 200 29.602
954 1863 138.559
955 954 48.593
955 640 77.524
956 955 77.139
956 977 129.84
957 956 73.465
957 638 88.045
958 957 87.902
958 11199 54.394
958 1696 116.157
959 670 46.586
959 960 73.914
959 1593 60.779
960 671 109.803
960 961 77.42
960 959 73.914
961 962 74.016
961 960 77.42
961 1107 105.46
962 961 74.016
962 774 81.512
963 964 60.076
963 774 70.075
964 963 60.076
964 1853 107.15
964 965 57.18
965 3050 155.008
965 531 74.912
965 964 57.18
966 1357 47.329
967 968 71.676
967 1930 30.3
968 969 100.029
968 967 71.676
968 1879 104.242
969 11293 21.745
969 968 100.029
969 2198 51.243
970 971 83.932
970 3067 75.165
970 3066 76.351
971 1069 79.377
972 11191 110.679
972 1333 67.023
973 972 54.043
974 973 77.335
974 1751 71.979
975 974 146.799
975 1334 78.218
975 2061 71.369
976 975 129.232
976 1335 77.189
977 976 142.235
977 2909 72.347
978 639 84.599
978 2132 72.629
979 978 163.719
979 1337 76.747
980 11252 16.033
980 1338 67.036
981 10595 57.391
981 983 58.699
982 981 48.705
983 982 54.484
983 3126 51.928
984 985 153.705
984 2605 77.531
985 10435 144.448
985 2541 85.432
986 987 152.977
986 2649 77.609
987 988 83.504
987 2838 83.285
988 989 132.244
988 987 83.504
989 988 132.244
989 990 171.476
989 2236 78.119
990 10548 20.824
990 10549 62.359
990 2525 170.811
991 992 273.714
991 1302 81.361
991 1301 85.869
992 2298 86.937
992 993 270.38
993 2147 80.6
993 11004 49.298
994 87 88.493
994 2101 81.661
995 705 310.812
995 2321 79.267
996 345 78.36
996 1973 79.628
997 998 273.245
997 1379 79.908
998 999 273.647
998 2322 79.86
999 752 272.328
999 2002 79.786
1000 1001 85.229
1000 12142 86.031
1000 11328 264.031
1000 11576 526.728
1001 1000 85.229
1001 1002 79.354
1002 11307 266.365
1002 1001 79.354
1003 543 74.166
1003 2745 71.235
1004 2325 79.845
1004 701 310.583
1005 1376 79.69
1005 1006 273.742
1006 1007 273.85
1006 2326 79.637
1007 3090 80.461
1007 748 271.875
1008 1009 71.674
1009 1008 71.674
1009 2432 80.214
1010 1011 137.842
1010 1315 80.117
1010 0 86.258
1011 1012 135.817
1011 2701 80.181
1011 1 85.611
1012 1013 270.529
1012 2 85.204
1013 10999 240.009
1013 2166 79.481
1014 2117 80.665
1015 11177 12.031
1015 11173 10.162
1015 11174 56.967
1016 11173 118.597
1016 255 121.149
1016 2497 209.695
1017 255 119.906
1017 505 122
1017 1734 210.181
1018 2083 68.628
1018 1990 142.221
1018 1019 84.664
1019 2082 129.854
1019 1020 77.548
1019 1018 84.664
1020 892 82.482
1020 1019 77.548
1021 1022 155.067
1021 872 86.632
1021 713 310.174
1022 10657 146.383
1022 2550 86.182
1022 1021 155.067
1023 10657 17.077
1023 3122 85.937
1023 1024 148.194
1024 1023 148.194
1024 1025 150.046
1024 2334 85.945
1025 12758 11.738
1025 13082 20.001
1025 1024 150.046
1026 76 76.82
1026 12758 206.951
1026 2247 85.054
1027 3046 85.707
1027 1028 39.353
1027 11599 216.712
1027 2045 85.791
1028 1027 39.353
1029 623 156.093
1029 3040 113.936
1030 11318 15.785
1030 12908 20.025
1030 2628 85.438
1031 12908 97.232
1031 1393 205.829
1031 1032 92.582
1032 1033 93.034
1032 1942 107.296
1032 1031 92.582
1033 1032 93.034
1033 1394 110.907
1033 588 93.723
1034 588 93.679
1034 12716 24.974
1034 1395 13.053
1035 1396 36.405
1035 12716 69.224
1035 1036 93.611
1036 12981 92.425
1036 1035 93.611
1036 1837 55.411
1037 12981 8.227
1037 1837 79.791
1038 1039 85.59
1038 12980 63.554
1038 1998 136.805
1038 1399 135.861
1039 1040 81.317
1039 1038 85.59
1039 1999 139.231
1040 1041 78.791
1040 1039 81.317
1040 225 69.747
1041 1401 111.58
1041 1040 78.791
1041 1042 81.086
1042 1043 315.561
1042 1041 81.086
1043 1044 80.503
1043 1042 315.561
1044 1403 126.633
1044 1043 80.503
1044 1916 87.522
1045 1917 21.717
1045 1046 80.314
1045 1916 87.044
1046 1045 80.314
1046 1047 80.518
1047 1434 48.949
1047 1046 80.518
1047 1048 80.67
1048 1049 80.138
1048 1047 80.67
1049 1048 80.138
1049 1162 75.286
1049 1050 80.29
1050 2709 111.753
1050 1051 328.113
1050 1049 80.29
1050 1920 88.888
1051 1215 140.788
1051 1214 87.987
1051 12124 84.879
1051 1050 328.113
1052 2752 140.873
1052 1053 79.287
1052 12124 79.539
1053 261 159.098
1053 1052 79.287
1053 884 81.932
1054 261 31.581
1054 12125 81.41
1054 884 80.155
1055 2188 189.505
1055 11568 82.317
1055 1056 82.82
1056 1057 85.087
1056 1055 82.82
1057 1058 170.03
1057 2189 154.087
1057 1924 98.55
1057 1056 85.087
1058 3129 45.577
1058 2190 110.321
1058 1059 82.648
1058 1057 170.03
1059 1060 80.376
1059 1058 82.648
1059 1925 94.156
1060 1774 72.597
1060 1061 82.807
1060 1059 80.376
1061 1060 82.807
1061 1062 68.451
1061 2640 77.659
1062 2193 49.88
1062 11294 78.22
1063 11294 30.657
1063 2193 57.783
1063 2194 95.546
1064 1063 37.189
1065 1066 84.689
1065 10420 184.919
1065 1064 95.087
1066 2195 109.278
1066 1065 84.689
1066 1067 89.778
1067 11564 16.482
1067 11563 20.446
1067 1066 89.778
1067 1662 143.771
1068 3066 62.115
1068 971 78.495
1068 10423 66.763
1068 11564 101.279
1069 10424 20.404
1069 12820 52.959
1069 3067 106.813
1070 3044 130.277
1070 1071 82.15
1071 480 72.062
1071 479 104.629
1071 1072 76.198
1072 3068 134.003
1072 539 80.776
1072 1071 76.198
1073 3043 133.909
1073 1074 82.115
1073 539 82.683
1074 2594 118.862
1074 1075 85.321
1074 1073 82.115
1075 1589 133.945
1075 1076 79.088
1075 1074 85.321
1076 2809 118.997
1076 1077 79.723
1076 1075 79.088
1077 2916 134.743
1077 1078 81.882
1077 1076 79.723
1078 2811 118.891
1078 311 79.487
1078 1077 81.882
1079 2366 134.141
1079 1080 72.991
1079 311 88.306
1079 2367 118.833
1080 1081 77.731
1080 1079 72.991
1080 2812 118.92
1081 1765 118.762
1081 1764 133.717
1081 1082 74.736
1081 1080 77.731
1082 3070 133.844
1082 1083 76.31
1082 1081 74.736
1083 1084 86.909
1083 1082 76.31
1083 2814 118.426
1083 3021 134.094
1084 2510 134.191
1084 1085 86.674
1084 1083 86.909
1085 1481 118.66
1085 1086 79.224
1085 1084 86.674
1086 3071 133.934
1086 1087 79.418
1086 1085 79.224
1087 2816 119.287
1087 1088 76.018
1087 1086 79.418
1088 1087 76.018
1088 11168 81.401
